1 0.015625 0.52578125 0.03125 0.0796875
1 0.0265625 0.78203125 0.053125 0.1046875
1 0.0296875 0.95390625 0.059375 0.0890625
1 0.0359375 0.603125 0.0703125 0.075
1 0.021875 0.6796875 0.0375 0.0734375
1 0.0421875 0.4296875 0.0609375 0.0640625
1 0.04765625 0.3015625 0.065625 0.053125
1 0.065625 0.6796875 0.0765625 0.1109375
1 0.06875 0.8734375 0.0703125 0.0921875
1 0.071875 0.546875 0.06875 0.1109375
1 0.065625 0.48984375 0.04375 0.0515625
1 0.0921875 0.7765625 0.06875 0.1171875
1 0.0953125 0.9453125 0.075 0.08125
1 0.0875 0.265625 0.040625 0.0578125
1 0.1171875 0.59609375 0.065625 0.0796875
1 0.1125 0.32109375 0.04375 0.0640625
1 0.12578125 0.51171875 0.0546875 0.078125
1 0.13359375 0.86484375 0.0609375 0.0984375
1 0.140625 0.6796875 0.06875 0.0890625
1 0.1390625 0.27421875 0.025 0.040625
1 0.1546875 0.57265625 0.053125 0.0703125
1 0.16953125 0.93359375 0.065625 0.08125
1 0.16328125 0.4421875 0.0421875 0.0734375
1 0.171875 0.74375 0.0546875 0.0890625
1 0.1640625 0.32578125 0.0375 0.0625
1 0.1875 0.5015625 0.0609375 0.0765625
1 0.19921875 0.84453125 0.0671875 0.09375
1 0.196875 0.6625 0.059375 0.0859375
1 0.18359375 0.28359375 0.0234375 0.046875
1 0.2125 0.33203125 0.0375 0.0390625
1 0.22578125 0.91953125 0.0609375 0.1109375
1 0.23046875 0.7265625 0.0609375 0.090625
1 0.22734375 0.4578125 0.0484375 0.046875
1 0.21796875 0.29296875 0.0234375 0.0234375
1 0.234375 0.58984375 0.046875 0.071875
1 0.24453125 0.50859375 0.0453125 0.0828125
1 0.25390625 0.64765625 0.0578125 0.0796875
1 0.265625 0.8375 0.075 0.109375
1 0.26015625 0.3296875 0.0375 0.0359375
1 0.2578125 0.28828125 0.028125 0.0140625
1 0.27265625 0.4515625 0.0390625 0.059375
1 0.29296875 0.715625 0.0515625 0.075
1 0.2875 0.58203125 0.0375 0.0515625
1 0.28828125 0.49140625 0.034375 0.0953125
1 0.296875 0.89296875 0.0484375 0.1046875
1 0.30625 0.33984375 0.0453125 0.0578125
1 0.3109375 0.63984375 0.046875 0.0640625
1 0.32421875 0.8171875 0.0640625 0.090625
1 0.315625 0.446875 0.0421875 0.0296875
1 0.334375 0.38203125 0.0578125 0.0578125
1 0.34375 0.58671875 0.0421875 0.05
1 0.346875 0.52421875 0.05 0.0859375
1 0.3515625 0.7203125 0.059375 0.078125
1 0.3546875 0.88125 0.059375 0.06875
1 0.359375 0.33984375 0.05 0.0578125
1 0.3640625 0.64609375 0.0453125 0.0640625
1 0.365625 0.44453125 0.04375 0.0609375
1 0.37890625 0.79765625 0.0546875 0.0921875
1 0.3796875 0.38671875 0.03125 0.05625
1 0.3875 0.58125 0.03125 0.0625
1 0.39921875 0.71015625 0.0453125 0.0765625
1 0.4078125 0.4390625 0.05 0.071875
1 0.4125 0.65 0.05625 0.1
1 0.41015625 0.33359375 0.0453125 0.046875
1 0.4265625 0.52890625 0.0359375 0.0671875
1 0.43046875 0.3953125 0.0390625 0.0859375
1 0.4375 0.69140625 0.03125 0.03125
1 0.44765625 0.58984375 0.0421875 0.071875
1 0.4578125 0.4234375 0.0421875 0.053125
1 0.47109375 0.63515625 0.0453125 0.0578125
1 0.4703125 0.54140625 0.0421875 0.0640625
1 0.49375 0.59375 0.0265625 0.075
1 0.76953125 0.4671875 0.0421875 0.046875
1 0.771875 0.5203125 0.03125 0.0578125
1 0.78671875 0.553125 0.040625 0.053125
1 0.80234375 0.51171875 0.0375 0.0421875
1 0.8171875 0.46953125 0.0390625 0.059375
1 0.8171875 0.59375 0.0375 0.040625
1 0.8234375 0.56171875 0.034375 0.0703125
1 0.85234375 0.56171875 0.0453125 0.0359375
1 0.84453125 0.53046875 0.021875 0.040625
1 0.85390625 0.59921875 0.0359375 0.0421875
1 0.853125 0.49453125 0.0265625 0.0609375