1 0.08203125 0.7125 0.090625 0.1265625
1 0.13125 0.66953125 0.1296875 0.171875
1 0.15234375 0.43671875 0.0875 0.1609375
1 0.21015625 0.559375 0.1265625 0.1609375
1 0.19140625 0.825 0.071875 0.1234375
1 0.21328125 0.43359375 0.0734375 0.1125
1 0.26328125 0.8296875 0.0859375 0.1234375
1 0.29375 0.91328125 0.125 0.1234375
1 0.29765625 0.4875 0.0765625 0.1078125
1 0.3078125 0.615625 0.096875 0.134375
1 0.3671875 0.703125 0.084375 0.1234375
1 0.4265625 0.46484375 0.090625 0.1234375
1 0.42421875 0.85625 0.08125 0.1234375
1 0.45703125 0.7171875 0.09375 0.1140625
1 0.5984375 0.7484375 0.1375 0.1859375
1 0.653125 0.578125 0.1390625 0.1828125
1 0.7359375 0.8109375 0.1625 0.209375