3 0.496875 0.8546875 0.2234375 0.1921875
3 0.1751708984375 0.7763671875 0.17724609375 0.1650390625
3 0.75048828125 0.85205078125 0.26806640625 0.253173828125
3 0.049285888671875 0.72802734375 0.09857177734375 0.1749267578125
3 0.281982421875 0.65380859375 0.1663818359375 0.10858154296875
3 0.8232421875 0.65478515625 0.107421875 0.0838623046875
3 0.48388671875 0.76123046875 0.1669921875 0.09320068359375
3 0.2130126953125 0.58447265625 0.1087646484375 0.06396484375
3 0.71044921875 0.68505859375 0.11163330078125 0.0810546875
3 0.54833984375 0.63427734375 0.11517333984375 0.0753173828125
3 0.444091796875 0.55859375 0.08447265625 0.06085205078125
3 0.0419158935546875 0.62841796875 0.083831787109375 0.06915283203125
3 0.671875 0.611328125 0.06488037109375 0.0552978515625
3 0.94482421875 0.71240234375 0.10797119140625 0.1517333984375
3 0.3076171875 0.82373046875 0.1953125 0.194091796875
3 0.139404296875 0.685546875 0.1441650390625 0.125732421875