1 0.7015625 0.79278125 0.09375 0.083390625
1 0.51025390625 0.81005859375 0.09808349609375 0.0809326171875
1 0.486572265625 0.6826171875 0.09173583984375 0.0726318359375
1 0.6689453125 0.67138671875 0.0889892578125 0.07135009765625
1 0.26318359375 0.771484375 0.09283447265625 0.07861328125
1 0.391845703125 0.685546875 0.0894775390625 0.07208251953125
1 0.4716796875 0.57080078125 0.085693359375 0.06866455078125
1 0.299072265625 0.57275390625 0.08251953125 0.06756591796875
1 0.16943359375 0.779296875 0.093505859375 0.0830078125
1 0.153564453125 0.6044921875 0.08758544921875 0.06536865234375
1 0.38037109375 0.89697265625 0.1019287109375 0.08648681640625
1 0.88037109375 0.83740234375 0.10931396484375 0.0885009765625
1 0.5478515625 0.94873046875 0.10321044921875 0.0869140625
1 0.560546875 0.56982421875 0.0889892578125 0.06829833984375
1 0.07598876953125 0.7978515625 0.09234619140625 0.08050537109375
1 0.394775390625 0.477783203125 0.0816650390625 0.06256103515625
1 0.174072265625 0.91845703125 0.0982666015625 0.082275390625
1 0.1488037109375 0.482421875 0.08197021484375 0.06524658203125
1 0.82861328125 0.385498046875 0.0762939453125 0.05340576171875
1 0.23388671875 0.38525390625 0.0762939453125 0.05889892578125
1 0.487060546875 0.484130859375 0.0830078125 0.059967041015625
1 0.9248046875 0.388671875 0.07696533203125 0.056243896484375