3 0.91484375 0.6140625 0.1109375 0.075
3 0.3453125 0.83203125 0.1 0.0765625
3 0.3703125 0.71171875 0.090625 0.065625
3 0.44140625 0.821875 0.0921875 0.071875
3 0.44921875 0.734375 0.0953125 0.0625
3 0.55390625 0.740625 0.0921875 0.071875
3 0.55703125 0.81875 0.09375 0.0796875
3 0.5640625 0.66328125 0.10625 0.078125
3 0.45654296875 0.6708984375 0.08282470703125 0.06488037109375
3 0.375 0.6650390625 0.07354736328125 0.0509033203125
3 0.84716796875 0.490234375 0.0831298828125 0.06475830078125
3 0.80859375 0.60009765625 0.0775146484375 0.06646728515625
3 0.86328125 0.55712890625 0.06646728515625 0.0535888671875
3 0.7878906726837158 0.08313870587821233 0.01406240463256836 0.0014336587761922814
3 0.79052734375 0.362060546875 0.046630859375 0.048126220703125
3 0.65576171875 0.28076171875 0.064208984375 0.055419921875
3 0.7705078125 0.28369140625 0.038330078125 0.04193115234375
3 0.73876953125 0.416748046875 0.07489013671875 0.046722412109375
3 0.681640625 0.38427734375 0.0521240234375 0.0592041015625
3 0.72265625 0.309814453125 0.049957275390625 0.056121826171875