3 0.253125 0.55 0.2140625 0.340625
3 0.21640625 0.3375 0.1375 0.196875
3 0.2375 0.790625 0.0953125 0.215625
3 0.31171875 0.146875 0.1578125 0.21875
3 0.41015625 0.7625 0.246875 0.3484375
3 0.40390625 0.33203125 0.1875 0.2546875
3 0.4265625 0.49453125 0.125 0.18125
3 0.421875 0.18046875 0.05625 0.1421875
3 0.5359375 0.19765625 0.15625 0.196875
3 0.53125 0.484375 0.1390625 0.2578125
3 0.58515625 0.31875 0.1671875 0.225
3 0.63203125 0.76953125 0.2203125 0.3359375
3 0.6765625 0.46328125 0.171875 0.25625
3 0.73359375 0.64296875 0.1328125 0.278125