0 0.17567567567567569 0.36082474226804123 0.23552123552123552 0.29896907216494845
0 0.20463320463320464 0.7628865979381443 0.2857142857142857 0.38144329896907214
0 0.46332046332046334 0.37371134020618557 0.23938223938223938 0.31443298969072164
0 0.32625482625482627 0.23195876288659795 0.24324324324324326 0.27835051546391754
0 0.14864864864864866 0.10309278350515463 0.2277992277992278 0.20618556701030927
0 0.6158301158301158 0.15721649484536082 0.26640926640926643 0.30412371134020616
0 0.48455598455598453 0.7061855670103093 0.25868725868725867 0.3402061855670103
0 0.7683397683397684 0.711340206185567 0.277992277992278 0.3402061855670103
0 0.7953667953667953 0.37371134020618557 0.2702702702702703 0.33505154639175255
0 0.6505791505791506 0.5335051546391752 0.22007722007722008 0.25257731958762886
0 0.3223938223938224 0.5283505154639175 0.18146718146718147 0.23195876288659795