0 0.8749714285714286 0.34064761904761903 0.1855 0.23112380952380954
0 0.6268142857142857 0.5660190476190476 0.1532714285714286 0.18819047619047619
0 0.8339571428571428 0.5569523809523809 0.17242857142857143 0.22415238095238096
0 0.3968 0.3346095238095238 0.14561428571428572 0.18064761904761906
0 0.7286285714285714 0.7054476190476191 0.15605714285714284 0.20847619047619048
0 0.6340571428571429 0.25424761904761906 0.14957142857142858 0.2103047619047619
0 0.5374571428571429 0.41563809523809525 0.15472857142857144 0.20436190476190477
0 0.5897285714285714 0.7404 0.15224285714285712 0.1921142857142857
0 0.7554142857142857 0.20257142857142857 0.15462857142857142 0.19045714285714285
0 0.37857142857142856 0.49443809523809523 0.14761428571428573 0.18253333333333333
0 0.4797571428571428 0.618247619047619 0.15952857142857144 0.21428571428571427
0 0.49939999999999996 0.20714285714285716 0.15595714285714285 0.20476190476190476
0 0.7208285714285714 0.40872380952380954 0.1631 0.21746666666666667