0 0.08116883116883117 0.14634146341463414 0.16233766233766234 0.2926829268292683
0 0.3181818181818182 0.4420731707317073 0.23376623376623376 0.39634146341463417
0 0.12337662337662338 0.8079268292682927 0.24025974025974026 0.3353658536585366
0 0.32954545454545453 0.7865853658536586 0.19805194805194806 0.34146341463414637
0 0.15097402597402598 0.43597560975609756 0.18506493506493507 0.3597560975609756
0 0.5032467532467533 0.3201219512195122 0.16883116883116883 0.27439024390243905
0 0.487012987012987 0.6524390243902439 0.2012987012987013 0.35365853658536583
0 0.3409090909090909 0.17378048780487804 0.18831168831168832 0.2621951219512195
0 0.6866883116883117 0.43902439024390244 0.1525974025974026 0.32926829268292684
0 0.7678571428571429 0.7682926829268293 0.20454545454545456 0.34146341463414637
0 0.9107142857142857 0.4725609756097561 0.17207792207792208 0.2621951219512195