0 0.2843111111111111 0.5079333333333333 0.22195555555555554 0.2869777777777777
0 0.12 0.5355555555555556 0.2311111111111111 0.3333333333333333
0 0.7083111111111111 0.5891777777777778 0.26106666666666667 0.2716888888888889
0 0.8733333333333333 0.6066666666666667 0.24444444444444444 0.31555555555555553
0 0.4661333333333333 0.6758000000000001 0.23004444444444444 0.21382222222222222
0 0.5866666666666667 0.7822222222222223 0.3377777777777778 0.32
0 0.2311111111111111 0.7844444444444445 0.3022222222222222 0.28888888888888886
0 0.8422222222222222 0.8711111111111111 0.26222222222222225 0.24
0 0.3077111111111111 0.8844444444444445 0.33097777777777776 0.2311111111111111
0 0.5324666666666666 0.9687111111111112 0.14937777777777778 0.06186666666666667
0 0.98 0.2288888888888889 0.04 0.2
0 0.8490666666666666 0.24962222222222222 0.23146666666666665 0.2148
0 0.76 0.29333333333333333 0.28444444444444444 0.29333333333333333
0 0.47333333333333333 0.41333333333333333 0.30666666666666664 0.35555555555555557
0 0.9222222222222223 0.42 0.15555555555555556 0.13777777777777778