0 0.9356913183279743 0.7314814814814815 0.12861736334405144 0.21604938271604937
0 0.07839228295819935 0.07641975308641975 0.1567845659163987 0.1528395061728395
0 0.40836012861736337 0.7962962962962963 0.2765273311897106 0.3950617283950617
0 0.3197266881028939 0.0849074074074074 0.09282958199356914 0.08339506172839506
0 0.12379421221864952 0.808641975308642 0.24115755627009647 0.3333333333333333
0 0.2315112540192926 0.8179012345679012 0.09646302250803858 0.36419753086419754
0 0.6479099678456591 0.8209876543209876 0.22186495176848875 0.3333333333333333
0 0.8762057877813505 0.8575925925925927 0.24758842443729903 0.2830864197530864
0 0.6560450160771705 0.09657407407407408 0.18025723472668811 0.19314814814814815
0 0.19512861736334405 0.12830246913580248 0.16517684887459808 0.1578395061728395
0 0.864951768488746 0.15432098765432098 0.2572347266881029 0.2962962962962963
0 0.6141479099678456 0.2654320987654321 0.2379421221864952 0.35802469135802467
0 0.1864951768488746 0.2716049382716049 0.14790996784565916 0.2839506172839506
0 0.9260450160771704 0.31790123456790126 0.1414790996784566 0.3395061728395062
0 0.46160771704180065 0.31969135802469134 0.10649517684887459 0.3554320987654321
0 0.33844051446945334 0.3480246913580247 0.23958199356913185 0.48617283950617285
0 0.07877813504823152 0.345679012345679 0.15112540192926044 0.43209876543209874
0 0.7986495176848875 0.47382716049382717 0.1310610932475884 0.29333333333333333
0 0.7395498392282959 0.6018518518518519 0.2508038585209003 0.35185185185185186
0 0.484935691318328 0.6148456790123457 0.17887459807073955 0.22969135802469137