0 0.7885431400282885 0.9218104667609619 0.20691183404054692 0.15342291371994343
0 0.9192550683639793 0.20738330975954739 0.16148986327204148 0.17833097595473832
0 0.4385007072135785 0.8161669024045262 0.22135313531353135 0.3570933521923621
0 0.5747147571900048 0.9103960396039603 0.23213578500707213 0.1792079207920792
0 0.7380858085808581 0.41134370579915136 0.1941819896275342 0.27111032531824614
0 0.34665252239509664 0.2938826025459689 0.18517208863743517 0.2774752475247525
0 0.8853418198962754 0.3083734087694484 0.17368222536539368 0.1573903818953324
0 0.1855068363979255 0.07751768033946252 0.16663366336633664 0.15224186704384726
0 0.11317303158887317 0.2324823196605375 0.15837812352663838 0.236994342291372
0 0.2375907590759076 0.8748302687411599 0.263960396039604 0.24783592644978783
0 0.5161810466760961 0.1814002828854314 0.18206506364922206 0.24891796322489393
0 0.5554549740688354 0.054222065063649225 0.14665252239509666 0.10707213578500707
0 0.2908392267798208 0.5584724186704384 0.20657237152286656 0.3121357850070721
0 0.6073597359735974 0.2957213578500707 0.1527769919849128 0.23227015558698727
0 0.503092880716643 0.39799151343705796 0.18886374351720886 0.19545261669024044
0 0.96003771805752 0.8298514851485149 0.07816595945308816 0.3402970297029703
0 0.7947006129184346 0.1 0.1776049033474776 0.19905940594059407
0 0.8380528052805281 0.6712517680339463 0.20963224893917964 0.3185855728429986
0 0.7583922677982083 0.21309759547383308 0.1656011315417256 0.1807850070721358
0 0.32323432343234326 0.11106082036775106 0.16229608675153231 0.2211103253182461
0 0.06655351249410656 0.4366831683168317 0.12835454974068836 0.2336067892503536
0 0.13797265440829798 0.6302050919377652 0.25114568599717113 0.30286421499292787
0 0.6654455445544555 0.5142574257425743 0.1803064592173503 0.26913012729844416
0 0.9131777463460631 0.5152121640735502 0.17364450730787365 0.31411598302687416
0 0.9428854314002828 0.08331683168316832 0.11422913719943423 0.12757425742574258
0 0.677006129184347 0.7691654879773691 0.22878359264497877 0.2716548797736917
0 0.21407355021216407 0.3325388967468175 0.11097595473833097 0.22848656294200848
0 0.6457661480433758 0.1015912305516266 0.128995756718529 0.19998585572842997
0 0.5496275341819896 0.5104667609618104 0.9007449316360208 0.97505657708628
0 0.5086374351720886 0.6033239038189533 0.21675624705327676 0.33091937765205093
0 0.2808816595945309 0.717963224893918 0.11815652993870816 0.15393917963224893
0 0.02607732201791608 0.09384016973125883 0.05215935879302216 0.18767326732673267