4 0.0765625 0.20546875 0.153125 0.4046875
4 0.2546875 0.17421875 0.1796875 0.3421875
4 0.446875 0.14453125 0.1796875 0.2796875
4 0.625 0.11484375 0.159375 0.2125
4 0.80703125 0.08203125 0.1484375 0.1640625
4 0.20234375 0.6 0.25625 0.4859375
4 0.415625 0.48125 0.1921875 0.421875
4 0.59921875 0.4 0.19375 0.3328125
4 0.7546875 0.31328125 0.190625 0.3359375
4 0.90859375 0.246875 0.1796875 0.3046875
4 0.9171875 0.59140625 0.1515625 0.371875
4 0.7609375 0.66640625 0.1796875 0.4171875
4 0.58046875 0.771875 0.1375 0.4046875
4 0.375 0.83359375 0.1671875 0.321875
4 0.1171875 0.91015625 0.215625 0.1796875
4 0.7171875 0.93046875 0.165625 0.1375
4 0.9015625 0.8890625 0.18125 0.2171875