4 0.19637019230769232 0.22610576923076925 0.13427884615384617 0.16555288461538462
4 0.3382932692307692 0.17213942307692306 0.12899038461538462 0.061274038461538456
4 0.47716346153846156 0.23439903846153848 0.13971153846153844 0.1858173076923077
4 0.5876923076923076 0.21045673076923077 0.09004807692307693 0.1563701923076923
4 0.7068990384615385 0.1650480769230769 0.16088942307692308 0.2533653846153846
4 0.144375 0.38846153846153847 0.08735576923076924 0.20668269230769232
4 0.4851682692307693 0.39644230769230765 0.124375 0.2226201923076923
4 0.6209615384615385 0.38877403846153846 0.2283894230769231 0.25146634615384617
4 0.7951682692307693 0.3541105769230769 0.1477403846153846 0.22632211538461539
4 0.8516105769230768 0.5550961538461539 0.17961538461538462 0.28028846153846154
4 0.6984615384615385 0.6003605769230769 0.19004807692307693 0.2842548076923077
4 0.5131009615384615 0.6022115384615385 0.18576923076923077 0.25848557692307694
4 0.3247836538461539 0.6048317307692308 0.17932692307692305 0.25266826923076924
4 0.14158653846153846 0.622764423076923 0.19411057692307693 0.2793509615384615
4 0.11838942307692307 0.8589423076923077 0.23677884615384615 0.2821153846153846
4 0.3327644230769231 0.8543509615384616 0.20629807692307692 0.2913221153846154
4 0.561875 0.8543509615384616 0.22072115384615382 0.2913221153846154
4 0.7647596153846153 0.849735576923077 0.21951923076923074 0.3005288461538461
4 0.915889423076923 0.790048076923077 0.16822115384615385 0.32665865384615383