4 0.8846153846153846 0.9204807692307693 0.23076923076923078 0.1590144230769231
4 0.6130528846153847 0.8698317307692308 0.3072596153846154 0.2603365384615385
4 0.2196153846153846 0.8319230769230769 0.3203125 0.3361778846153846
4 0.031057692307692307 0.9088461538461539 0.06151442307692308 0.18228365384615383
4 0.09463942307692307 0.6823076923076923 0.18927884615384613 0.3535817307692308
4 0.6173076923076923 0.6526923076923077 0.2519471153846154 0.3138701923076923
4 0.8712019230769231 0.6977163461538461 0.2575721153846154 0.33875
4 0.8689663461538462 0.4486538461538461 0.24161057692307694 0.2469230769230769
4 0.7862740384615384 0.22223557692307694 0.22567307692307692 0.2579326923076923
4 0.6310576923076923 0.39435096153846155 0.23723557692307692 0.27634615384615385
4 0.3027163461538462 0.5658173076923076 0.25521634615384614 0.3547596153846154
4 0.13762019230769232 0.4441586538461539 0.22014423076923076 0.2762980769230769
4 0.3515865384615384 0.32889423076923074 0.21112980769230769 0.2565625
4 0.07923076923076923 0.10185096153846153 0.15401442307692306 0.16495192307692308
4 0.23586538461538462 0.10747596153846153 0.17459134615384614 0.17995192307692306
4 0.3920673076923077 0.08497596153846154 0.15300480769230768 0.16870192307692308
4 0.24713942307692308 0.036538461538461534 0.18026442307692306 0.07307692307692307
4 0.6015865384615384 0.10903846153846154 0.17425480769230767 0.16055288461538464
4 0.7649759615384616 0.07310096153846155 0.18019230769230768 0.1462019230769231
4 0.9261057692307693 0.08997596153846153 0.1478125 0.1787019230769231
4 0.6022596153846154 0.03637019230769231 0.16620192307692308 0.06963942307692307