4 0.26428168402777774 0.6315104166666666 0.2058224826388889 0.2994791666666667
4 0.3988064236111111 0.8414713541666666 0.18407552083333334 0.166015625
4 0.18291232638888888 0.9215494791666666 0.25141710069444445 0.15690104166666666
4 0.08528211805555556 0.8056640625 0.16900390625 0.2506510416666667
4 0.07985894097222222 0.14322916666666666 0.14513888888888887 0.18229166666666666
4 0.32177517361111113 0.3987630208333333 0.24702690972222222 0.23763020833333334
4 0.5539388020833333 0.6022135416666666 0.2165625 0.3515625
4 0.6114366319444444 0.8919270833333334 0.22738932291666666 0.20182291666666666
4 0.8642078993055555 0.8141276041666666 0.26418185763888885 0.3717447916666667
4 0.7557313368055555 0.5647786458333334 0.15573567708333333 0.205078125
4 0.7991189236111111 0.3255208333333333 0.21647135416666666 0.29296875
4 0.6396527777777777 0.3873697916666667 0.13625 0.20182291666666666
4 0.5127213541666666 0.3173828125 0.1471462673611111 0.205078125
4 0.5116297743055556 0.107421875 0.21006944444444445 0.21484375
4 0.24475694444444443 0.22298177083333334 0.1754535590277778 0.17252604166666666
4 0.08706163194444444 0.4622395833333333 0.17412326388888888 0.20833333333333334
4 0.12759331597222223 0.6526692708333334 0.1451215277777778 0.17903645833333334
4 0.2805577256944444 0.07975260416666667 0.17327039930555554 0.15950520833333334
4 0.8121397569444445 0.09114583333333333 0.1904296875 0.15625
4 0.9615451388888889 0.3857421875 0.07691189236111112 0.2962239583333333