4 0.10110576923076924 0.8488461538461538 0.20221153846153847 0.30230769230769233
4 0.31490384615384615 0.8533653846153846 0.34336538461538463 0.2932692307692308
4 0.806298076923077 0.8718269230769231 0.38740384615384615 0.25634615384615383
4 0.8275 0.6248317307692308 0.22471153846153846 0.17067307692307693
4 0.6240625000000001 0.6247115384615385 0.20533653846153846 0.16105769230769232
4 0.40538461538461534 0.6222115384615384 0.22733173076923074 0.18028846153846154
4 0.20757211538461537 0.6226442307692307 0.22353365384615384 0.1665625
4 0.31213942307692305 0.43572115384615384 0.13942307692307693 0.06939903846153847
4 0.4570192307692308 0.43858173076923074 0.14182692307692307 0.05850961538461538
4 0.6115625 0.43007211538461537 0.15899038461538462 0.07442307692307693
4 0.7542548076923077 0.43942307692307697 0.13139423076923076 0.06237980769230769