4 0.11108173076923077 0.062427884615384614 0.22216346153846153 0.12485576923076923
4 0.03555288461538461 0.18271634615384616 0.06937499999999999 0.15326923076923077
4 0.36040865384615384 0.07745192307692307 0.23939903846153848 0.15492788461538462
4 0.16848557692307692 0.22146634615384614 0.27826923076923077 0.29728365384615385
4 0.05016826923076923 0.3856971153846154 0.1003125 0.18401442307692306
4 0.568173076923077 0.03632211538461538 0.18471153846153848 0.06949519230769231
4 0.7976682692307692 0.09129807692307691 0.30175480769230767 0.1826201923076923
4 0.8851442307692309 0.21591346153846153 0.22971153846153847 0.3431730769230769
4 0.6049759615384616 0.1534375 0.2535576923076923 0.16120192307692308
4 0.40750000000000003 0.32826923076923076 0.37629807692307693 0.4443990384615385
4 0.686875 0.3492788461538462 0.2606490384615385 0.27266826923076926
4 0.9053365384615385 0.44584134615384613 0.18935096153846154 0.13334134615384616
4 0.7608653846153846 0.61 0.39435096153846155 0.39992788461538464
4 0.46725961538461536 0.6452403846153847 0.2536057692307692 0.24716346153846153
4 0.18115384615384617 0.6626201923076922 0.3605769230769231 0.4054326923076923
4 0.08735576923076924 0.9163701923076922 0.1746875 0.16725961538461537
4 0.458125 0.8760096153846154 0.572548076923077 0.2480048076923077
4 0.9417067307692307 0.6868990384615384 0.1165625 0.39497596153846154
4 0.8551923076923077 0.8884615384615385 0.28959134615384613 0.22305288461538464