4 0.1814903846153846 0.640625 0.3173076923076923 0.3485576923076923
4 0.3858173076923077 0.4675480769230769 0.2692307692307692 0.29086538461538464
4 0.6727884615384615 0.4849278846153846 0.31009615384615385 0.37822115384615385
4 0.9026442307692307 0.6576201923076923 0.19471153846153846 0.34552884615384616
4 0.8050480769230769 0.7102884615384616 0.2360576923076923 0.22603365384615384
4 0.5745192307692307 0.7091346153846154 0.002403846153846154 0.002403846153846154
4 0.8449038461538462 0.8459134615384615 0.31019230769230766 0.3081730769230769
4 0.5486538461538462 0.784375 0.28586538461538463 0.3557692307692308
4 0.17668269230769232 0.8725961538461539 0.34134615384615385 0.25240384615384615
4 0.4322115384615385 0.9403846153846154 0.2840144230769231 0.11923076923076924
4 0.651298076923077 0.9805048076923076 0.1650480769230769 0.03901442307692308
4 0.4277403846153846 0.7812740384615384 0.12908653846153847 0.2125721153846154