0 0.5280290570175439 0.5194627192982456 0.17749451754385964 0.11056286549707603
0 0.5297423245614035 0.42077850877192985 0.16721491228070176 0.10416666666666667
0 0.6976425438596491 0.5804550438596491 0.15625 0.12107090643274854
0 0.8268229166666666 0.4977613304093567 0.14322916666666666 0.07903874269005848
0 0.7202576754385965 0.4666940789473684 0.15487938596491227 0.10736476608187134
0 0.6164336622807017 0.462125365497076 0.09114583333333333 0.09457236842105263
0 0.12780975877192982 0.5212902046783626 0.15693530701754385 0.08132309941520467
0 0.2847450657894737 0.5628654970760234 0.17749451754385964 0.07766812865497076
0 0.47354714912280704 0.5884502923976608 0.18503289473684212 0.09685672514619884
0 0.7360197368421053 0.6757163742690059 0.18640350877192982 0.06945358187134504
0 0.6040981359649122 0.6261513157894737 0.09525767543859649 0.06533260233918128
0 0.025128837719298247 0.49433479532163743 0.05025493421052632 0.05665204678362573
0 0.21609923245614035 0.4727101608187135 0.11239035087719298 0.07431834795321637