1 0.8415666666666666 0.3117172593235039 0.1859 0.19333044232437122
1 0.6683 0.3173460537727667 0.17294 0.17987857762359064
1 0.49332000000000004 0.3138074588031223 0.17514666666666667 0.19310494362532524
1 0.14531333333333332 0.30861231569817865 0.16994666666666666 0.19935819601040763
1 0.14142 0.7588898525585429 0.13672666666666666 0.1805810928013877
1 0.27853333333333335 0.7573807458803122 0.14642666666666665 0.19155247181266263
1 0.8521066666666667 0.7712055507372073 0.14948 0.18294882914137034
1 0.5553533333333334 0.7642237640936687 0.14904666666666666 0.18684301821335647
1 0.8548933333333333 0.603009540329575 0.14233333333333334 0.18125758889852558
1 0.43189333333333335 0.6016392020815265 0.13712 0.17084128360797918
1 0.7032600000000001 0.7706504770164787 0.15504 0.18560277536860365
1 0.41512 0.7666435385949697 0.13375333333333334 0.17349522983521248
1 0.17463333333333333 0.5938855160450998 0.14792666666666665 0.1787077189939289
1 0.32103333333333334 0.3046227233304423 0.17927333333333334 0.21468343451864702
1 0.4955466666666667 0.6784215091066782 0.9790399999999999 0.3883174327840416
1 0.56704 0.6083781439722463 0.14441333333333334 0.1630182133564614
1 0.3047 0.6001561144839549 0.12308666666666666 0.15830008673026888
1 0.7133333333333334 0.5923677363399826 0.136 0.15437987857762359