1 0.93538 0.6323614895549501 0.12924666666666668 0.2834423251589464
1 0.32926 0.631544050862852 0.20864666666666667 0.2758310626702997
1 0.5494666666666667 0.38772025431425977 0.21616000000000002 0.23968210717529517
1 0.7551000000000001 0.6340599455040872 0.23374 0.29943687556766574
1 0.12352 0.6158946412352407 0.2273 0.3005903723887375
1 0.35 0.3869573115349682 0.19898666666666667 0.2617620345140781
1 0.5429866666666667 0.6261852861035422 0.23292 0.2892552225249773
1 0.16586 0.3921435059037239 0.18054666666666666 0.25298819255222527
1 0.7676933333333333 0.3826067211625795 0.2138 0.2496094459582198
1 0.9341333333333334 0.37942779291553136 0.13173333333333334 0.27474114441416897
1 0.1935933333333333 0.02729336966394187 0.26525333333333334 0.05457765667574932
1 0.03666666666666667 0.36405994550408716 0.07333333333333333 0.27399636693914625
1 0.45166666666666666 0.02876475930971844 0.24778 0.05752043596730245