3 0.47272222222222227 0.3849609375 0.5412777777777779 0.218359375
3 0.10575 0.053828125000000004 0.20316666666666666 0.10297656250000001
3 0.3199722222222222 0.066125 0.3190972222222222 0.1314765625
3 0.6713194444444445 0.118453125 0.327375 0.1267578125
3 0.6338333333333334 0.0226015625 0.2523888888888889 0.0436328125
3 0.6525833333333334 0.2350234375 0.22044444444444444 0.12160937499999999
3 0.4914861111111111 0.2651015625 0.23158333333333334 0.042703124999999995
3 0.8293055555555556 0.317609375 0.261375 0.16568750000000002
3 0.965625 0.2162734375 0.06875 0.1309921875
3 0.4807222222222222 0.6278671874999999 0.25866666666666666 0.14167968749999998
3 0.7438888888888889 0.442375 0.32666666666666666 0.1847421875