3 0.26719444444444446 0.20125 0.15801388888888887 0.08921875
3 0.19220833333333331 0.278765625 0.14691666666666667 0.0684765625
3 0.13526388888888888 0.38146874999999997 0.1441388888888889 0.09418750000000001
3 0.3421944444444444 0.286578125 0.16911111111111113 0.0840859375
3 0.5168333333333334 0.21569531249999999 0.192 0.094671875
3 0.5394027777777778 0.3139140625 0.20240277777777776 0.076265625
3 0.8171527777777778 0.36310937499999996 0.17458333333333334 0.11215625
3 0.8338194444444444 0.188359375 0.23569444444444443 0.11188281250000001
3 0.7709722222222223 0.5015468750000001 0.1447361111111111 0.10387500000000001
3 0.9291666666666667 0.60053125 0.14166666666666666 0.1338828125
3 0.572375 0.764546875 0.1919861111111111 0.14940625000000002
3 0.6636944444444445 0.5585546875 0.10377777777777777 0.1241484375
3 0.4550277777777778 0.45428125 0.3600416666666667 0.18903125