3 0.46508333333333335 0.42224218750000003 0.4287916666666667 0.2968359375
3 0.6939027777777778 0.8168671875 0.24890277777777778 0.1759296875
3 0.8605555555555556 0.4663984375 0.198875 0.1429453125
3 0.8657638888888889 0.288515625 0.2162361111111111 0.14266406250000002
3 0.6685555555555556 0.2953515625 0.18294444444444444 0.14460937499999998
3 0.6893888888888889 0.111421875 0.22459722222222223 0.1595625
3 0.43072222222222223 0.128609375 0.24200000000000002 0.11581250000000001
3 0.2415 0.2600078125 0.2594027777777778 0.1559609375
3 0.10783333333333334 0.1393515625 0.21566666666666667 0.1255703125
3 0.05506944444444444 0.234828125 0.11013888888888888 0.1095
3 0.06756944444444445 0.3834140625 0.135125 0.137140625