3 0.48730555555555555 0.37871875 0.47322222222222227 0.19025
3 0.34080555555555553 0.21549999999999997 0.30520833333333336 0.08257031249999999
3 0.28004166666666663 0.05421875 0.20452777777777775 0.1084375
3 0.5213333333333333 0.09911718750000001 0.30518055555555557 0.193546875
3 0.8579861111111111 0.1221640625 0.28402777777777777 0.138078125
3 0.8296527777777778 0.02240625 0.255125 0.0440234375
3 0.8414583333333334 0.24537499999999998 0.23706944444444444 0.1227734375
3 0.6880000000000001 0.30453125000000003 0.22181944444444446 0.1200078125
3 0.9413194444444445 0.31722656250000003 0.11736111111111111 0.1258515625
3 0.8631944444444445 0.453890625 0.27361111111111114 0.1960625
3 0.6963333333333334 0.667703125 0.2662638888888889 0.1432109375
3 0.8822916666666667 0.8199921874999999 0.23541666666666666 0.21965625000000003