3 0.49669444444444444 0.389453125 0.27670833333333333 0.215625
3 0.42065277777777776 0.7100703125 0.20104166666666667 0.1303046875
3 0.6220277777777778 0.834046875 0.24266666666666667 0.19465625
3 0.6532777777777778 0.1385625 0.23572222222222222 0.15525
3 0.7942361111111111 0.3195625 0.2259722222222222 0.14615625000000002
3 0.7838194444444445 0.4988046875 0.21902777777777777 0.1374609375
3 0.9586805555555555 0.60365625 0.08263888888888889 0.1713671875
3 0.6077916666666667 0.5646093750000001 0.24891666666666667 0.14015625
3 0.3869722222222222 0.1557578125 0.22395833333333334 0.0958828125
3 0.17693055555555556 0.28578125 0.22745833333333335 0.160625
3 0.08769444444444445 0.21294531249999998 0.16706944444444446 0.20635937499999998