3 0.2793611111111111 0.180953125 0.16569444444444445 0.095453125
3 0.20330555555555554 0.2572734375 0.15187499999999998 0.082765625
3 0.16901388888888888 0.364859375 0.16975 0.0904765625
3 0.37040277777777775 0.2875703125 0.18643055555555554 0.12066406249999999
3 0.5432777777777779 0.1918125 0.18640277777777778 0.0944765625
3 0.8610694444444444 0.1671796875 0.22380555555555554 0.1152265625
3 0.5582638888888889 0.2993984375 0.21636111111111112 0.0866328125
3 0.8460833333333333 0.3458984375 0.19844444444444445 0.12062500000000001
3 0.7904861111111111 0.4899453125 0.16215277777777778 0.1072578125
3 0.6671666666666667 0.5396875 0.14604166666666668 0.1321796875
3 0.9454722222222223 0.5928359375000001 0.10905555555555554 0.13473437500000002
3 0.593125 0.7491875 0.188125 0.1589453125
3 0.4165 0.45103906250000003 0.3477638888888889 0.22393749999999998