3 0.47584722222222225 0.4615078125 0.4294861111111111 0.19957031249999999
3 0.20887499999999998 0.1698046875 0.18023611111111112 0.15523437499999998
3 0.22206944444444443 0.0479765625 0.13718055555555556 0.08345312499999999
3 0.4251666666666667 0.11963281249999999 0.14756944444444445 0.0744296875
3 0.5984166666666667 0.2061328125 0.19545833333333332 0.0950703125
3 0.7671527777777778 0.1707890625 0.13015277777777776 0.07517968750000001
3 0.5282916666666667 0.06769531250000001 0.12463888888888888 0.0721171875
3 0.46754166666666663 0.0138671875 0.14269444444444443 0.027734375
3 0.30852777777777773 0.02265625 0.14127777777777778 0.0453125
3 0.6945972222222222 0.0479765625 0.21418055555555557 0.0959453125
3 0.8675138888888889 0.0236328125 0.14830555555555555 0.047265625