3 0.50409375 0.9041666666666667 0.21600000000000003 0.19166666666666668
3 0.7944375 0.9828749999999999 0.145640625 0.03426388888888889
3 0.7176171874999999 0.7075 0.226375 0.47426388888888893
3 0.4595625 0.516625 0.2258984375 0.28230555555555553
3 0.2715546875 0.8011527777777778 0.2353046875 0.39768055555555554
3 0.696265625 0.3423611111111111 0.2315859375 0.3495138888888889
3 0.354640625 0.12638888888888888 0.1412421875 0.25277777777777777
3 0.2603671875 0.47936111111111107 0.1452109375 0.24947222222222223
3 0.18719531250000002 0.22294444444444445 0.1915703125 0.38477777777777783
3 0.584421875 0.115125 0.1969765625 0.23025
3 0.8120078124999999 0.18638888888888888 0.1833984375 0.33944444444444444
3 0.9152578124999999 0.03623611111111111 0.1164609375 0.06230555555555555
3 0.9877578124999999 0.057749999999999996 0.0244765625 0.11549999999999999
3 0.951953125 0.2528333333333333 0.09609375 0.1621388888888889
3 0.9141953125000001 0.49879166666666663 0.171609375 0.35868055555555556
3 0.983203125 0.8405972222222222 0.03359375 0.24508333333333335