3 0.694828125 0.7652777777777777 0.24070312500000002 0.46944444444444444
3 0.26935937499999996 0.11944444444444445 0.1831484375 0.2388888888888889
3 0.0942734375 0.23055555555555557 0.18853906250000002 0.46111111111111114
3 0.186671875 0.5399861111111112 0.169703125 0.28738888888888886
3 0.21478906250000002 0.8520833333333333 0.2884375 0.29583333333333334
3 0.412171875 0.5700694444444444 0.2456953125 0.3382777777777778
3 0.5419765625 0.10865277777777778 0.231875 0.21730555555555556
3 0.6755625000000001 0.34883333333333333 0.243828125 0.3958055555555556
3 0.80159375 0.17759722222222224 0.2146484375 0.34962499999999996
3 0.9467421874999999 0.20584722222222224 0.10650781250000001 0.21169444444444444
3 0.903125 0.49855555555555553 0.19375 0.38506944444444446