3 0.53690625 0.7315833333333334 0.177453125 0.3742777777777778
3 0.1638828125 0.6621527777777778 0.23610156249999997 0.43543055555555554
3 0.23679687500000002 0.9423611111111111 0.21525781249999998 0.11527777777777778
3 0.0461953125 0.8856527777777777 0.0923828125 0.22870833333333332
3 0.042546875 0.5161527777777778 0.08509375 0.272125
3 0.1088125 0.13919444444444445 0.2066875 0.278375
3 0.1903125 0.32198611111111114 0.24989843750000001 0.3421388888888889
3 0.3147890625 0.15306944444444442 0.1759296875 0.30613888888888885
3 0.5909375 0.0642361111111111 0.152703125 0.1284722222222222
3 0.5098203125 0.2359166666666667 0.1857890625 0.26258333333333334
3 0.42922656249999996 0.44233333333333336 0.1990859375 0.34205555555555556
3 0.6506953125 0.413625 0.16025 0.39576388888888886