3 0.5316953125 0.3627083333333333 0.208703125 0.40505555555555556
3 0.3365234375 0.7072777777777778 0.23242968749999998 0.45991666666666664
3 0.17690625 0.12369444444444445 0.126734375 0.20943055555555554
3 0.28145312499999997 0.35255555555555557 0.2134296875 0.27361111111111114
3 0.11297656250000002 0.6262777777777778 0.2254375 0.45534722222222224
3 0.06428906250000001 0.18409722222222225 0.1228515625 0.19597222222222221
3 0.49485156249999995 0.11790277777777777 0.21573437499999998 0.23580555555555555
3 0.6260859375 0.7632777777777777 0.23863281249999999 0.4330416666666667
3 0.873828125 0.7907361111111112 0.25234375 0.41851388888888885
3 0.9096328124999999 0.3472222222222222 0.18072656250000002 0.33240277777777777
3 0.7381875 0.17805555555555555 0.18939843750000002 0.3561111111111111
3 0.9311171874999999 0.11697222222222223 0.13775781250000002 0.23394444444444445