3 0.20828125000000003 0.7595833333333333 0.2597890625 0.3515833333333333
3 0.621140625 0.48512500000000003 0.2026953125 0.386
3 0.6242656249999999 0.79175 0.19853125 0.34647222222222224
3 0.823859375 0.8486111111111111 0.188859375 0.30277777777777776
3 0.76396875 0.20744444444444446 0.194078125 0.3676527777777778
3 0.9035390624999999 0.4490416666666667 0.171140625 0.35084722222222225
3 0.9415390625000001 0.1567638888888889 0.116921875 0.31354166666666666
3 0.1629921875 0.09281944444444444 0.15787500000000002 0.18563888888888888
3 0.145921875 0.4587777777777778 0.14288281249999998 0.21291666666666667
3 0.05973437499999999 0.23566666666666666 0.1194609375 0.4148472222222222
3 0.3340546875 0.4233611111111111 0.1936328125 0.313375
3 0.5189375 0.16972222222222222 0.24046875 0.33944444444444444
3 0.4337890625 0.8181388888888889 0.1795546875 0.33443055555555556